2148
9058
7742
3153
6324
609
7628
5469
7017
504
4092
1582
9572
1542
5697
2081
4218
3130
7923
9595
6558
3859
9832
3062
6788
7578
7432
479
8439
9079
7173
2667
2770
2655
972
4264
2014
3171
4715
345
4388
3816
8887
3915
3490
2327
123
4596
4307
8737
4007
6798
6551
1627
1190
4984
2480
3404
2027
4778
2951
2795
5002
8121
8910
9593
5254
448
6237
5565
1816
392
8143
9310
9293
3138
4869
6756
872
6183
3517
3513
1676
5498
9172
5739
6108
7538
7671
5780
8666
540
9771
6837
9341
1590
5689
1605
1103
5859
1622
4371
3113
488
6676
6020
2630
6541
6893
6729
4506
3230
2290
72
1976
8259
1373
9962
782
4427
6349
9619
4456
7750
41
8687
5506
2128
578
8001
4493
9107
746
2639
1456
1361
2841
3198
6344
1450
3346
6221
4816
3800
9975
8075
2400
1353
2282
147
2821
497
9028
9448
3574
2209
138
8201
2331
3895
7803
2406
9949
1349
965
1320
8836
9562
5753
1039
2348
2184
8212
4909
3025
1690
6117
7318
6478
768
4551
1054
7000
97
6868
5870
7601
6257
5461
8029
7797
1149
1216
4359
3524
556
1451
8976
1988
7949
6444
3787
8116
2381
1465
971
2917
5502
6225
3482
2078
3013
4993
5924
8444
1271
1032
1708
5366
3841
3112
9234
4156
1849
8718
396
4231
2517
3773
4088
1006
2623
7534
7113
2218
1175
1879
3188
7698
4226
2644
2625
8237
8644
3649
7304
8242
800
7335
4589
1619
1996
699
7991
4889
6241
5444
8466
7658
9880
378
2112
2831
3737
988
2619
3354
6426
4602
6058
1068
9614
6235
2049
7151
9038
232
5336
6988
6467
306
480
716
4800
9048
7423
294
8595
8055
8542
7516
1398
490
219
2820
4777
2030
7729
5005
8544
597
8790
740
2443
5217
6178
2338
8176
8320
6521
6597
5186
6604
9467
2598
6898
3274
8254
947
1178
8770
3910
8314
543
605
9893
4699
443
6569
1723
2920
4665
174
9769
1672
9560
3470
9641
5199
3395
6461
9204
2930
7379
7034
4229
9634
15
2631
8815
4609
7011
6664
5392
2158
6190
1782
460
9991
30
5269
2117
8819
7039
5766
960
4608
6211
6389
4584
6448
3763
5126
1319
4821
1207
5896
2262
3492
5830
9260
2905
5189
2653
1488
9827
6167
3439
5841
1078
331
1579
469
2608
5944
4681
4751
9882
1044
1788
8551
3628
178
213
4961
6999
7221
3725
9162
3196
5309
6545
4337
7149
39
3699
5314
3252
1601
2779
5849
6739
249
2665
1537
2811
1107
5272
9872
2704
6671
1472
5059
1518
2408
6762
2891
6764
6628
680
3313
1128
6679
215
545
7806
6754
1387
9125
3868
2512
2903
4625
4873
9514
1731
4100
7848
6842
1281
1759
1242
4735
758
3412
7169
1918
7385
2429
9175
2017
7986
1887
2875
1233
4217
6834
4573
3047
6445
5302
4319
2547
9452
4881
7093
3518
4549
9131
4502
26
1136
1847
3503
322
6519
9471
8330
2224
7585
5823
5408
541
1377
4098
1193
2149
6456
4795
6256
5448
776
5439
1135
6316
4076
2187
1058
4779
2473
678
5891
4119
4623
8299
7720
9329
9728
1921
1389
1637
8375
5255
5304
8612
1978
6446
744
7101
7679
3478
9182
547
316
3445
4344
1140
661
6878
4730
2452
3948
8152
7124
4424
2713
8580
5514
8369
2201
8511
4300
5803
1449
7692
3968
9077
2036
2718
399
8537
9494
3276
9996
4387
8336
1625
2659
1402
2086
9648
995
7888
1548
8994
4070
7488
8256
8089
3186
5497
5993
1118
1363
6479
4952
6704
4951
4247
3593
3071
3462
9297
4164
1368
2346
6223
5229
976
3356
4382
9900
5277
5617
3145
784
4981
9009
6102
8452
1008
3136
2468
2664
32
6260
6610
7298
7205
9824
2107
5815
9284
5718
6840
2390
775
3760
3132
6951
9088
5072
8448
6148
3625
4162
2997
1926
1231
387
5361
2191
2758
9788
4946
4534
2033
4992
5359
4452
1240
2138
5033
8740
9165
4570
1784
6404
2065
197
9480
821
4774
1241
8313
6210
2032
2818
9313
6744
3265
2793
8915
2798
1754
5781
7856
2493
1777
5943
5598
7225
2295
2744
2956
3330
4671
5666
5212
3268
2504
8541
4910
6797
2435
7187
4958
3197
8985
4540
1197
6517
3911
9995
742
5382
4649
7640
3681
1003
96
3597
7551
4011
3359
1757
485
4662
3319
4685
3589
2575
1753
4358
5619
446
6051
2159
4223
905
4302
2879
2425
6715
3087
5083
4651
5432
3541
3074
2721
5460
3928
3321
2293
6325
1191
1528
5055
1736
5036
5938
5636
7773
8699
2781
2377
4913
6458
906
7464
5286
2090
4421
2986
5262
5913
7073
7240
8119
9983
2726
6925
2279
5804
9974
1196
4442
2642
1279
4274
4853
5291
314
7344
7211
447
6931
7984
9431
2693
1321
1208
7440
236
8412
3289
6539
7492
5832
2445
2349
3674
7159
4760
863
5791
3692
3599
5980
9374
2012
2061
867
526
1088
1030
5518
4384
1474
3374
2441
3474
2395
2535
3664
5138
7251
3388
2904
2066
7845
3984
2596
8816
4632
3254
7581
1236
4285
8307
9338
1875
2210
7979
2549
7690
3961
4729
2072
6733
8675
4518
5585
7256
1525
7728
6965
5093
512
840
6161
4842
5985
495
1023
1089
2842
9096
1344
986
674
1683
1963
3175
3165
3091
78
4128
7033
2604
8532
272
6680
6928
3426
2140
2689
2858
5296
3587
2075
2500
9524
7376
5118
4024
8565
4395
2966
1544
224
1612
7582
7587
2981
9153
2942
2361
237
2643
1598
3007
4674
4227
6818
544
4360
558
1831
1249
5681
8186
9967
6537
4062
3531
4579
6304
8785
7594
2240
1230
7241
5519
4633
9103
881
6138
1751
1636
5500
4894
2584
70
8869
9535
5409
4950
4455
6899
7487
3565
5251
2485
4677
568
4151
1808
2554
9391
2878
9439
9327
951
9211
1457
5774
9199
1290
7520
6216
6299
820
574
7153
3006
6105
3908
8162
6061
8146
7891
5695
5057
6357
7381
4440
3631
8668
6278
7895
9971
2242
6525
6050
6440
1470
1506
258
9946
6690
2037
1685
7343
2048
3332
2489
2654
9246
6337
3736
8482
6402
3421
6870
7232
4312
6909
4864
7495
2260
5190
8006
7459
8132
4330
3484
5755
4350
2751
2487
4535
2278
3790
4189
4711
5357
2301
8021
2054
2647
9394
4017
6839
1116
5342
8854
1633
626
7126
9808
9298
1057
2043
6165
9397
8378
5295
685
2132
6767
9884
7669
3367
6624
5128
625
9434
1634
570
6027
7506
5836
8434
2264
1292
2057
6749
2447
3546
9713
5253
2824
4547
4135
506
1689
5655
2157
9791
7540
120
8433
132
7710
653
9988
3223
483
9239
3075
8436
4580
6238
3719
4695
8536
4505
5628
6802
1823
885
46
4049
8959
4157
2241
5573
3642
3120
1790
117
2102
5102
3156
6290
846
3502
6935
5490
4318
9976
8117
4832
8945
2164
5452
9274
470
8158
8493
4150
8708
3943
7306
721
8332
3983
4447
8353
1624
9229
1934
5494
8447
6195
4835
2537
9663
9344
2805
528
3278
3922
4639
4339
5434
3569
6627
2816
4103
7112
3133
4947
6605
5763
3488
2946
3781
275
5299
1508
7866
1378
8368
8470
5883
5193
5838
5038
2071
4104
172
4495
2790
3842
8948
8387
2268
2720
6752
3294
3680
8112
8768
1228
9749
5065
6661
1315
1445
2685
2579
3317
1523
3299
7351
1329
7437
4411
3991
5029
959
7360
2249
6970
3444
2234
4425
1889
4257
1955
9040
34
8778
5825
6629
7852
315
6600
5437
9848
4201
7048
8228
3340
5608
228
7491
3857
6469
3078
850
4756
645
7882
2999
2687
1336
2510
4507
149
1863
3017
2872
8009
2455
5976
7429
9438
3584
3676
5267
3675
2047
801
7693
3724
6859
1713
4576
9803
5932
6381
1968
4544
3621
808
357
2716
6670
9814
8110
4846
7568
3212
8701
4822
2375
3889
1370
8339
3955
8128
9138
5583
5989
1444
1828
1201
8707
868
6353
8825
2850
2712
6643
5080
7505
4679
3855
2834
3420
5940
1148
4167
3301
1715
19
362
3261
7415
1698
8845
5204
7779
5837
4386
7302
4924
6656
3249
2463
5593
3757
478
2332
3077
4102
2296
5105
9510
7224
4001
8319
2474
5828
2916
5381
3243
6326
5754
854
5166
2564
1001
8594
5625
5709
9969
3626
3557
8458
4301
4919
1667
7366
3863
5367
7280
3946
500
8187
8863
9312
1055
2591
8641
8949
9544
6129
1501
5319
2582
4539
4280
9661
351
6954
4043
3273
5687
5969
369
7804
7139
4265
8363
7314
8008
3970
7983
2780
5665
3820
8741
2022
9398
2409
244
1461
5910
4594
2648
20
2439
3378
8638
3177
6691
6979
2180
3615
8450
2988
5996
2743
2115
1526
5086
4352
8323
6174
1498
8639
7947
2005
843
5893
4791
5594
8190
7667
3780
9169
9870
5052
2715
1422
240
1635
6950
6420
2139
1460
9579
9386
702
7132
9420
2701
4520
8397
2495
5539
3886
3672
2393
5790
5227
6460
841
5495
4214
4014
4238
4604
1970
3605
364
9551
1254
930
8761
4246
4249
1181
170
7065
74
6187
8950
4237
4198
2207
4854
1892
7834
975
7675
9885
4528
4953
1053
148
5380
3887
704
4515
3588
9080
1739
8852
1785
991
1141
7625
2436
1487
8822
1574
5524
1742
7724
7977
3709
277
7030
4025
505
4706
7489
9091
7726
3425
5616
365
9044
4317
871
7165
1794
3366
1878
9584
5056
5486
2431
5528
2749
3432
5964
2023
9565
9357
3711
6953
5764
3604
9417
4916
8304
6997
2646
5431
4391
474
1740
3637
1383
5761
7477
3184
6499
5044
3473
267
2877
3933
6723
4316
6945
476
7372
9035
2794
9463
2255
3927
3823
5061
8372
7215
2161
1864
1247
6867
7195
6501
7270
3739
6418
2479
3155
226
6721
4906
9583
922
1931
3417
343
3907
2733
3876
1566
5966
4548
4351
3392
6147
5264
5733
7898
2354
4481
8157
4332
4963
8823
2213
3732
2529
1846
777
2789
5638
2370
1018
4286
6003
6496
3891
1992
7367
6336
4292
3396
1293
1592
8107
1567
711
209
2013
5115
207
3987
4994
8311
1203
8588
993
6291
4523
1443
3090
1648
2699
5247
6480
4177
8973
1610
4803
7412
6234
3716
2176
6038
5848
7659
7680
1684
5463
9447
373
833
1530
1335
6769
2077
7092
2459
6375
5710
7192
2835
781
7443
5522
6280
7413
1077
1189
3827
1414
3643
5324
6974
8715
3287
6502
1218
7155
1157
4582
38
5344
6043
3937
2614
7812
4109
9924
9219
4243
7289
56
9701
5081
2656
3250
3723
1938
317
4741
8797
9464
9537
7535
1839
1337
5179
2420
9192
9625
8487
985
2266
509
2318
3963
7051
5586
7567
2628
6244
5351
9826
7966
5225
3044
5802
5310
3717
5406
989
1870
7125
4220
3843
2261
4785
2569
3691
6618
6718
217
1983
1951
8173
633
5273
4041
8010
9690
4075
8445
3634
9465
6214
7849
4650
1485
3845
7013
1767
291
9020
3019
3890
4490
5120
5429
5402
5041
7070
5967
7881
9628
1204
5011
6428
2494
1950
4847
4550
3009
492
7271
3745
7989
33
4366
887
7730
3814
5941
2325
1490
7312
9637
3004
2204
2143
5368
204
3476
7886
510
8961
2141
7975
5656
1806
2522
3931
5427
8141
8118
1183
1328
126
1275
1948
2323
2967
44
1940
6439
5284
3772
1797
2084
2020
168
8125
9864
9090
7591
6917
9790
5250
37
6853
9095
5021
9000
9569
7545
3463
4187
5443
8191
6919
6254
9775
4256
6242
2963
7904
7425
8312
3220
4574
6182
2910
8351
1762
42
2853
8550
4636
3069
9270
8747
7462
5817
5984
6772
1973
2991
5581
7189
3862
7352
6696
7044
2122
3232
7696
6328
617
6929
8241
8280
4619
3094
9245
1139
269
8103
5570
107
1093
4879
7434
9135
5387
9918
3679
5
171
2690
1783
9896
106
8572
9883
9295
8510
9134
958
6573
2193
165
3536
3521
5615
6774
3382
6827
5526
1348
9212
2108
3735
3467
6229
5963
1035
9202
8113
1009
2006
7315
5025
3552
